 1.01322264e+00  3.32995569e-01  1.81286640e-01
 7.25598978e-01 -7.66044942e-01  2.38862537e-01
 7.29335607e-01 -2.30943667e-01 -7.64923943e-01
 3.51361894e-01  8.29116656e-01 -5.99570206e-01
 3.45314612e-01 -3.66957540e-02  1.02459030e+00
 1.14024077e-01  9.49168600e-01  5.06410427e-01
-1.01322402e+00 -3.32996030e-01 -1.81286755e-01
-1.14023476e-01 -9.49168913e-01 -5.06410345e-01
-3.51361524e-01 -8.29117082e-01  5.99570146e-01
-3.45315255e-01  3.66956843e-02 -1.02459027e+00
-7.25598393e-01  7.66045763e-01 -2.38862466e-01
-7.29335973e-01  2.30943843e-01  7.64923786e-01
 8.33900000e-07  2.73300000e-07  1.48800000e-07